0.045908 -0.0106949 0.224168
-0.224446 0.0522878 0.2117
0.255722 0.159087 0.212634
-0.0861166 -0.0535737 0.226233
0.0866476 -0.139281 0.193817
-0.282782 0.454555 0.160694
0.425925 0.594619 0.104904
-0.0908582 -0.126844 0.162449
0.100785 -0.0721919 0.226934
-0.269162 0.192801 0.201436
0.26861 0.0444008 0.220058
-0.0770798 -0.0127411 0.228282
0.00699336 -0.0423075 0.0176703
-0.0242884 0.146937 0.200815
0.127822 0.282253 0.173597
-0.0516944 -0.11415 0.210806
0.191483 -0.0867155 0.20559
-0.0214436 0.00971101 0.222248
0.0809829 0.0304976 0.218025
-0.17144 -0.0645631 0.138562
0.0120139 -0.0319016 0.0122221
-0.0579469 0.153871 0.20733
0.136209 0.127623 0.206943
-0.00495769 -0.00464518 0.00158155
0.116462 -0.124298 0.111883
-0.0743842 0.0793886 0.218543
0.0628716 -0.00204609 0.223184
-0.222834 0.00725186 0.19223
-0.00449038 -0.13798 0.199595
0.0116251 0.357211 0.165407
0.0114537 0.0337628 0.215179
-0.0478044 -0.140916 0.141054
0.133671 -0.0453465 0.228205
-0.271875 0.0922307 0.153928
0.160975 0.0794225 0.219058
-0.0385263 -0.0190083 0.014183
0.0672731 -0.13635 0.111148
-0.0396606 0.0803848 0.21195
0.0709974 0.0809884 0.206275
-0.0774628 -0.0883638 0.0743321
0.0101506 -0.0088984 0.00260035
-0.157638 0.138191 0.225213
0.340574 0.0223882 0.149392
-0.159334 -0.0104741 0.22286
0.00946519 -0.143986 0.120483
-0.00429959 0.0654064 0.209428
0.107467 0.18622 0.191368
-0.0283338 -0.0490974 0.228515
0.153243 -0.0884358 0.0862564
-0.131148 0.0756846 0.226982
0.394338 0.105744 0.109434
-0.172136 -0.0461592 0.20395
0.0273116 -0.10185 0.222828
-0.0745105 0.277863 0.196002
0.276575 0.212308 0.203735
-0.0990169 -0.0760086 0.21885
0.108052 -0.14076 0.179066
-0.259783 0.338421 0.0287832
0.173481 -0.0228053 0.228089
-0.183474 0.0241189 0.0713847
-0.0109139 -0.0830232 0.22626
0.0304034 0.23128 0.182441
0.0474674 0.229056 0.181437
-0.0172812 -0.0833913 0.225966
0.219698 -0.0455281 0.0850443
-0.171604 0.0355615 0.226548
0.457955 0.300732 0.0136973
-0.142965 -0.0938826 0.171248
0.0697482 -0.106213 0.220453
-0.196986 0.29997 0.207537
0.156886 0.230784 0.188416
-0.0597211 -0.0878515 0.221587
0.152336 -0.103558 0.209131
-0.268956 0.182835 0.0844174
0.148745 0.0283538 0.224924
-0.145758 -0.0277845 0.0714269
0.0109891 -0.0576491 0.228515
-0.0416886 0.218699 0.196597
0.0260477 0.0614907 0.208395
-0.0548867 -0.129571 0.116547
0.149954 -0.0635212 0.225326
-0.274417 0.116244 0.128552
0.19316 0.0782075 0.222129
-0.00663093 -0.00268476 0.00129806
0.0467369 -0.115433 0.0780226
-0.0414519 0.102379 0.209118
0.0640882 0.0630723 0.209449
-0.101229 -0.099624 0.102935
0.0363942 -0.0369803 0.0167493
-0.129277 0.131359 0.223101
0.317146 -0.00253369 0.16813
-0.141815 0.00113298 0.227065
-0.00119921 -0.150109 0.141184
0.000305069 0.0381854 0.214841
0.104828 0.33589 0.160653
-0.0411776 -0.131941 0.198062
0.223826 -0.0698545 0.200554
-0.0621354 0.019392 0.224571
0.0961928 0.0504323 0.21554
-0.136446 -0.0715364 0.100257
0.00350718 -0.00668947 0.0016867
-0.0896849 0.171062 0.212456
0.103774 0.124409 0.202614
-0.0176129 -0.0211151 0.00966673
0.151144 -0.126075 0.147618
-0.0682817 0.0569563 0.220381
0.0272353 0.00246292 0.221599
-0.202309 -0.018295 0.197129
0.0114221 -0.126307 0.211212
-0.0291641 0.3225 0.179474
0.0706859 0.12974 0.197531
-0.0179757 -0.0329934 0.0152381
0.0699177 -0.038093 0.227937
-0.236362 0.128777 0.215789
0.330085 0.0972573 0.207288
-0.119395 -0.0351792 0.225359
0.0451864 -0.15336 0.165161
-0.217025 0.736567 0.0986894
0.434302 0.350654 0.163199
-0.124842 -0.100797 0.188073
0.0648004 -0.0802586 0.226923
-0.193764 0.239986 0.215857
0.237013 -0.0252572 0.217239
-0.0493096 0.00525463 0.225187
-0.00702432 -0.0659163 0.0335327
0.013564 0.127284 0.197291
0.137668 0.531548 0.111625
-0.0377892 -0.145907 0.1632
0.114032 -0.0295336 0.228254
-0.261071 0.0676159 0.172225
0.221222 0.130205 0.216065
-0.0601445 -0.0353992 0.228515
0.0388681 -0.0660382 0.0340244
-0.076989 0.130807 0.2137
0.0749055 0.0993299 0.203113
-0.0523416 -0.0694087 0.0471342
0.0275205 -0.0207534 0.225591
-0.188069 0.141824 0.225038
0.288319 0.0404168 0.214665
-0.0942485 -0.0132119 0.228513
0.0209044 -0.149125 0.185269
-0.0659291 0.470314 0.160221
0.0819845 0.169818 0.191782
-2.49951e-05 -5.17735e-05 5.30322e-06
0.19794 -0.0955611 0.129757
-0.115202 0.0556168 0.226672
0.074914 0.0261315 0.218426
-0.177356 -0.0618652 0.148128
0.0494332 -0.141716 0.197301
-0.151851 0.435327 0.18092
0.293597 0.26186 0.194203
-0.103476 -0.0922906 0.209766
0.123298 -0.138242 0.166184
-0.0347401 0.0389507 0.218317
0.105361 -0.00602016 0.225965
-0.235338 0.0134468 0.162053
-0.000473747 -0.00829127 0.00229479
0.00955371 0.167203 0.19319
0.0372526 0.101549 0.20021
-0.0340862 -0.0929175 0.060812
0.0313867 -0.011514 0.00524951
-0.200295 0.0734771 0.223874
0.400645 0.185589 0.184802
-0.140556 -0.0651092 0.210664
0.0673324 -0.145356 0.130542
-0.0299915 0.0647449 0.212954
0.0291557 0.0316564 0.215254
-0.107485 -0.116704 0.146897
0.103806 -0.0956056 0.221657
-0.276963 0.255084 0.195046
0.191133 0.00785973 0.227853
-0.0910305 -0.00374333 0.0280465
0.00515378 -0.12533 0.0893418
-0.00371614 0.0903696 0.204627
0.145545 0.238485 0.18522
-0.0564687 -0.0925279 0.220462
0.16058 -0.0980004 0.210224
-0.239429 0.146121 0.0678722
0.149255 0.0361217 0.224016
-0.13022 -0.0315151 0.0628386
0.0147102 -0.0607825 0.228494
-0.0538128 0.222354 0.198829
0.174052 0.126943 0.212352
-0.015485 -0.0112938 0.225251
0.0777781 -0.106642 0.0747449
-0.0748827 0.102672 0.215966
0.233668 -0.0365714 0.0864307
-0.175028 0.0273938 0.225244
-0.0136053 -0.0869291 0.225443
0.0367564 0.234849 0.181315
0.0151614 0.0779651 0.205257
-0.024989 -0.128502 0.100273
0.219669 -0.0427177 0.0825459
-0.17382 0.0338017 0.226073
0.299023 0.201659 0.205325
-0.106199 -0.0716196 0.218807
0.0976397 -0.144782 0.17281
-0.00895139 0.0132733 0.220696
0.0314778 0.0475495 0.211557
-0.0825561 -0.124707 0.1305
0.12685 -0.0839746 0.22292
-0.298009 0.197282 0.16873
0.197682 0.0402022 0.226321
-0.0339985 -0.00691423 0.00855089
0.0243514 -0.11974 0.0813792
-0.0200293 0.0984877 0.205689
0.0958251 0.234174 0.181004
-0.0370874 -0.0906329 0.223149
0.170852 -0.0699134 0.220771
-0.224979 0.0920623 0.0757522
0.127955 0.053644 0.218962
-0.118313 -0.0496017 0.0668441
0.0171433 -0.0408912 0.227858
-0.086458 0.206225 0.207852
0.174421 0.175922 0.2027
-0.0532217 -0.0536796 0.228062
0.0700127 -0.0694155 0.0415815
-0.115678 0.114691 0.222488
0.148756 0.00063713 0.0243118
-0.199227 -0.000853282 0.209879
0.000497966 -0.116269 0.216418
-0.00124009 0.289518 0.178765
0.135494 0.453649 0.132753
-0.0428283 -0.143394 0.173322
0.101366 -0.0302755 0.228033
-0.259389 0.077473 0.186941
0.212965 0.115008 0.217997
-0.0470401 -0.0254031 0.228012
0.0442945 -0.0820222 0.0463017
-0.0663048 0.12278 0.212084
0.0968424 0.119039 0.202577
-0.0252165 -0.0309961 0.015812
0.0637675 -0.0518771 0.228481
-0.215735 0.175508 0.220224
0.325623 0.0334799 0.194227
-0.126869 -0.0130445 0.227199
0.0157965 -0.153636 0.157689
-0.0806607 0.784501 0.0808091
0.07424 0.140336 0.196132
-0.00956722 -0.0180849 0.00697568
0.197275 -0.104362 0.165261
-0.0818207 0.0432846 0.223996
0.0307124 0.00946033 0.220174
-0.181232 -0.0558248 0.181882
0.0382343 -0.124125 0.213097
-0.10398 0.337564 0.192577
0.329799 0.273032 0.191457
-0.112149 -0.0928446 0.205888
0.115961 -0.140072 0.153678
-0.0417805 0.0504674 0.21726
0.115957 -0.0109195 0.227023
-0.240002 0.0226006 0.154678
-0.000211094 -0.00224166 0.000469331
0.0165082 0.175304 0.191409
0.07751 0.315158 0.165162
-0.0315285 -0.128196 0.20443
0.223614 -0.0549956 0.210704
-0.0468585 0.0115244 0.224137
0.0826866 0.050043 0.214093
-0.134659 -0.0814973 0.110641
0.0127312 -0.0210359 0.00728532
-0.0945762 0.156269 0.214961
0.113281 0.154117 0.198366
-0.00025569 -0.000347863 5.87848e-05
0.151544 -0.11139 0.113861
-0.0988469 0.0726557 0.223329
0.0756684 0.0115558 0.221368
-0.205356 -0.0313611 0.167224
0.0219433 -0.143687 0.195158
-0.063156 0.413551 0.17103
0.0504945 0.107956 0.199485
-0.0355966 -0.0761044 0.0468195
0.0233369 -0.0109155 0.224076
-0.20761 0.0971064 0.223293
0.273261 0.0990967 0.218931
-0.0858788 -0.0311435 0.228267
0.0523907 -0.144469 0.192983
-0.168736 0.465294 0.175734
0.463882 0.424071 0.143357
-0.119057 -0.10884 0.178137
0.0764106 -0.0835839 0.226107
-0.220605 0.241315 0.213763
0.251621 -0.0112813 0.2163
-0.0647193 0.00290163 0.226622
-0.00235181 -0.0524558 0.0241378
0.00612969 0.136718 0.196984
0.0662117 0.187578 0.187823
-0.0130349 -0.0369279 0.227932
0.221105 -0.0780462 0.125008
-0.133795 0.0472272 0.228275
0.442751 0.211731 0.160233
-0.149368 -0.0714303 0.201237
0.0415896 -0.086968 0.226231
-0.123284 0.257799 0.208001
0.207009 0.230374 0.194978
-0.0770968 -0.0857989 0.219646
0.136724 -0.122856 0.196699
-0.275261 0.247343 0.0692446
0.163625 0.00874103 0.227702
-0.157517 -0.00841474 0.0685436
0.00385072 -0.0720823 0.227907
-0.0121488 0.227415 0.189388
0.0273108 0.046011 0.211929
-0.0760825 -0.128178 0.132146
0.129344 -0.0767749 0.224445
-0.29482 0.174996 0.166089
0.191665 0.0488831 0.225464
-0.0354533 -0.00904214 0.00965317
0.0315439 -0.12368 0.0865712
-0.0243524 0.0954832 0.206879
0.0969605 0.0725566 0.211207
-0.0955417 -0.0714949 0.069369
5.11095e-05 -6.82998e-05 4.33672e-06
-0.130672 0.174623 0.219229
0.247043 -0.0355647 0.0954446
-0.171954 0.0247547 0.225518
-0.01898 -0.131841 0.103745
0.010958 0.0761174 0.205898
0.0167948 0.0763182 0.205504
-0.0283356 -0.128761 0.101835
0.172237 -0.037903 0.227034
-0.204151 0.0449259 0.0785274
0.181791 0.116212 0.215189
-0.00687684 -0.00439609 0.223783
0.0687134 -0.107489 0.0733946
-0.0668145 0.104519 0.214102
0.0565986 0.0810994 0.204976
-0.0693573 -0.0993812 0.0814539
0.0361092 -0.0252003 0.0112399
-0.164575 0.114855 0.226949
0.362852 0.0645629 0.176274
-0.147873 -0.0263112 0.222088
0.0265917 -0.149449 0.133511
-0.00970815 0.054561 0.212237
0.0904261 0.206379 0.185866
-0.0296159 -0.0675923 0.227665
0.165209 -0.0723871 0.0772281
-0.151873 0.0665438 0.228429
0.41745 0.163086 0.0787115
-0.167052 -0.0652624 0.190422
0.0425929 -0.109025 0.220347
-0.117226 0.300062 0.200855
0.202219 0.194187 0.202312
-0.0703123 -0.0675194 0.225393
0.117573 -0.122436 0.20465
-0.316441 0.329531 0.145792
0.142793 -0.00289349 0.227569
-0.209442 0.00424404 0.110418
-0.00084793 -0.0418453 0.228076
0.0041021 0.202437 0.189689
0.0424968 0.130514 0.19582
-0.015272 -0.0469024 0.0223667
0.063145 -0.0205608 0.226041
-0.235149 0.0765672 0.21068
0.292863 0.14899 0.212829
-0.101604 -0.0516899 0.224868
0.0749328 -0.147292 0.181063
-0.281432 0.553197 0.135585
0.316467 0.370066 0.169473
-0.0987887 -0.11552 0.18932
0.0706137 -0.0603862 0.228433
-0.222091 0.189924 0.21824
0.231833 0.0180997 0.224783
-0.0294242 -0.00229722 0.224741
0.00662237 -0.0848236 0.0469001
-0.00943651 0.120869 0.200902
0.198817 0.354492 0.163508
-0.0707904 -0.12622 0.192661
0.19078 -0.106999 0.174641
-0.0685856 0.0384662 0.222877
0.118263 0.0332739 0.221229
-0.164212 -0.0462016 0.102245
8.65732e-05 -0.000307702 3.84961e-05
-0.053314 0.189491 0.20256
0.141888 0.111712 0.210826
-0.0145395 -0.0114473 0.0053372
0.103115 -0.13097 0.116139
-0.0612496 0.0777948 0.216328
0.0499323 -0.00594156 0.223443
-0.22312 0.0265496 0.203982
-0.0157083 -0.132012 0.203945
0.0390245 0.327958 0.166062
0.0463268 0.170237 0.190285
-0.000447094 -0.00164293 0.000337173
0.249722 -0.0679571 0.164492
-0.114171 0.0310697 0.22794
0.0579035 0.0331303 0.21575
-0.150623 -0.086181 0.14548
0.0736559 -0.128732 0.207906
-0.217307 0.379798 0.192911
0.210672 0.272349 0.18565
-0.0794795 -0.102748 0.211042
0.155797 -0.120515 0.187442
-0.0278186 0.0215188 0.220699
0.0926354 0.0118285 0.222511
-0.208376 -0.0266073 0.154227
0.00258563 -0.0202494 0.00681346
-0.0205387 0.16085 0.198696
0.352252 0.707332 0.0638364
-0.0679191 -0.136383 0.154348
0.115747 -0.0576422 0.227905
-0.279799 0.13934 0.183586
0.265905 0.0891079 0.220242
-0.0794426 -0.0266222 0.228498
0.0133562 -0.0398559 0.016355
-0.0500064 0.149223 0.206015
0.104595 0.0910088 0.20879
-0.0622797 -0.0541898 0.0404998
0.0364418 -0.0418821 0.227904
-0.162465 0.186719 0.221169
0.284131 -0.0197356 0.194926
-0.107139 0.00744177 0.228439
-0.0104271 -0.150118 0.172894
0.034168 0.491912 0.134223
0.101781 0.267261 0.174857
-0.0416528 -0.109374 0.215425
0.191482 -0.0729221 0.214167
-0.08538 0.0325153 0.0137374
0.147944 0.0663388 0.219558
-0.0749678 -0.0336159 0.0341218
0.0316131 -0.0705015 0.228148
-0.104887 0.233912 0.208052
0.150889 0.159849 0.202721
-0.0321271 -0.0340349 0.228129
0.102687 -0.096931 0.0727192
-0.103174 0.097391 0.221789
0.288043 0.00830562 0.0876078
-0.182719 -0.00526864 0.216854
0.00286239 -0.0992692 0.22309
-0.0074878 0.259682 0.184227
0.0535994 0.0854502 0.203881
-0.061776 -0.0984857 0.0767173
0.0357803 -0.0224435 0.0100277
-0.172918 0.108464 0.227201
0.373274 0.0855025 0.178418
-0.147828 -0.0338617 0.220245
0.0341146 -0.148932 0.132262
-0.0131521 0.0574173 0.212043
0.0172027 0.0122261 0.21973
-0.138103 -0.0981511 0.166359
0.0754288 -0.106132 0.220156
-0.212786 0.2994 0.206898
0.177084 -0.0299462 0.227403
-0.181439 0.0306827 0.0666127
-0.021679 -0.128196 0.0987558
0.0134565 0.0795732 0.205037
0.0281024 0.149399 0.193681
-0.00458244 -0.0243613 0.00910121
0.253836 -0.0477475 0.197427
-0.0867194 0.0163122 0.227059
0.0143796 0.00982635 0.220299
-0.140623 -0.0960953 0.168218
0.0728868 -0.10666 0.22011
-0.205764 0.301108 0.207071
0.20354 0.311598 0.175138
-0.075691 -0.115875 0.202358
0.174473 -0.113968 0.181481
-0.0503316 0.0328772 0.221326
0.106441 0.0223277 0.221885
-0.188976 -0.0396408 0.128302
0.00130388 -0.00621589 0.00155112
-0.0367596 0.175241 0.200486
0.170843 0.424921 0.141853
-0.0556575 -0.138431 0.178073
0.0932745 -0.0375018 0.228259
-0.258655 0.103995 0.198994
0.219407 0.0935712 0.221277
-0.0412313 -0.0175841 0.227212
0.0365919 -0.0858012 0.0484601
-0.0520842 0.122128 0.209033
0.105717 0.107943 0.205917
-0.0364933 -0.0372618 0.0219131
0.0544001 -0.0532782 0.228482
-0.193576 0.189584 0.221247
0.308533 0.00321471 0.190049
-0.122931 -0.00128085 0.228188
0.00159093 -0.152693 0.160549
-0.00678237 0.650926 0.10432
0.0722991 0.247596 0.177721
-0.0288774 -0.0988937 0.221327
0.18486 -0.0539801 0.222593
-0.164587 0.0480601 0.0477282
0.124914 0.0684508 0.215992
-0.0921488 -0.0504959 0.0520315
0.0259695 -0.0473911 0.228234
-0.113817 0.207702 0.212899
0.155605 0.193685 0.196332
-0.0514445 -0.0640343 0.22721
0.0800915 -0.0643447 0.040485
-0.133398 0.107171 0.225415
0.128915 0.0140547 0.0126417
-0.19619 -0.0213892 0.201104
0.0131131 -0.120278 0.21496
-0.0334735 0.307033 0.182793
0.0393722 0.075543 0.205341
-0.0600069 -0.115135 0.0959353
0.101178 -0.0527328 0.0386968
-0.164048 0.0855 0.228068
0.351558 0.110657 0.200388
-0.129733 -0.040835 0.222601
0.0481213 -0.152882 0.153423
-0.00974261 0.0309524 0.217182
0.0496297 0.0416029 0.213388
-0.123554 -0.103571 0.135977
0.0972223 -0.11598 0.213544
-0.273063 0.325747 0.189405
0.206887 -0.0182023 0.225323
-0.0563763 0.00496008 0.0116517
-0.0092935 -0.10563 0.0678782
0.00907012 0.103091 0.201126
0.0107836 0.045036 0.212658
-0.0341306 -0.142542 0.133849
0.143795 -0.0344307 0.228427
-0.252944 0.0605655 0.131965
0.156549 0.0960626 0.215719
-0.021276 -0.0130556 0.00734728
0.0812529 -0.132414 0.108963
-0.0506243 0.0824999 0.213669
0.0659222 0.0908489 0.203783
-0.0614872 -0.0847371 0.0632238
0.00497124 -0.00360725 0.000813179
-0.176876 0.128345 0.226198
0.368648 0.0586154 0.151998
-0.161223 -0.0256346 0.21872
0.0226108 -0.142206 0.115674
-0.0114065 0.0717387 0.209005
0.0818569 0.177843 0.19036
-0.0113083 -0.0245684 0.226779
0.197602 -0.0909516 0.120892
-0.123682 0.0569278 0.227322
0.422928 0.156316 0.159305
-0.155368 -0.0574245 0.207583
0.0315578 -0.0853829 0.226531
-0.0937791 0.253729 0.203309
0.226727 0.209837 0.201508
-0.0818817 -0.075782 0.22208
0.120183 -0.129856 0.19501
-0.316557 0.342036 0.105192
0.158842 -0.00614522 0.228293
-0.191395 0.00740457 0.08775
-0.00254024 -0.0656606 0.228267
0.00843672 0.218071 0.187038
0.0403045 0.116455 0.197783
-0.0242758 -0.0701419 0.0394596
0.0370679 -0.0128291 0.224402
-0.219019 0.0758017 0.218407
0.268082 0.130228 0.216471
-0.0875007 -0.0425059 0.227438
0.0694016 -0.142867 0.192657
-0.230679 0.474866 0.171396
0.454162 0.511706 0.126096
-0.105411 -0.118767 0.169599
0.0891726 -0.0791448 0.226383
-0.249373 0.22133 0.209399
0.262766 0.0156547 0.218461
-0.0724054 -0.00431368 0.227668
0.00275524 -0.046247 0.0200578
-0.00850926 0.142829 0.1984
0.180993 0.30923 0.173028
-0.0689324 -0.117772 0.203163
0.18281 -0.106999 0.187417
-0.0487476 0.0285321 0.221807
0.102036 0.0266915 0.220713
-0.181548 -0.047491 0.12699
0.00231716 -0.00885801 0.00239622
-0.0450714 0.172299 0.2026
0.168032 0.127356 0.211518
-1.50759e-05 -1.14264e-05 7.57581e-07
0.0835754 -0.110269 0.0802244
-0.0751459 0.0991466 0.216402
0.0838477 -0.0115461 0.225588
-0.239533 0.0329846 0.187932
-0.0197751 -0.143606 0.187785
0.0543084 0.394385 0.15157
0.0834692 0.390704 0.149409
-0.0303462 -0.142045 0.186598
0.249129 -0.0532235 0.19636
-0.0846989 0.0180949 0.226766
0.103936 0.0673438 0.213197
-0.103888 -0.067313 0.0710305
0.00585673 -0.00903904 0.224078
-0.118281 0.182551 0.21652
0.099664 0.144691 0.198288
-0.00386118 -0.00560561 0.00172266
0.167259 -0.115209 0.136194
-0.0888933 0.0612302 0.223011
0.0571004 0.0105218 0.220565
-0.199217 -0.0367095 0.177815
0.0250637 -0.136017 0.204047
-0.0683797 0.371086 0.179893
0.056486 0.1311 0.196236
-0.0166807 -0.0387149 0.017982
0.068007 -0.0293015 0.227165
-0.237827 0.10247 0.213184
0.315923 0.125662 0.211471
-0.111335 -0.0442848 0.224921
0.0601808 -0.151299 0.172544
-0.255713 0.642883 0.119451
0.380296 0.369701 0.168264
-0.112024 -0.108904 0.18798
0.0689493 -0.0709252 0.227871
-0.210558 0.216592 0.217507
0.237229 -0.00335103 0.221831
-0.0419618 0.000592746 0.22522
-0.00104875 -0.0742446 0.0390254
0.00176667 0.125066 0.198818
0.0659666 0.206896 0.184631
-0.0204947 -0.0642793 0.228128
0.21011 -0.0669912 0.0996537
-0.152925 0.0487584 0.228486
0.48093 0.248394 0.11691
-0.153182 -0.0791166 0.188526
0.0520173 -0.100714 0.222931
-0.147206 0.285014 0.207291
0.170282 0.201614 0.19667
-0.0594946 -0.0704416 0.225786
0.1299 -0.109713 0.211345
-0.312472 0.263912 0.141631
0.136166 0.0114718 0.225876
-0.191809 -0.0161597 0.105817
0.00257606 -0.0305769 0.227097
-0.0168503 0.200008 0.193643
0.035631 0.0644543 0.207708
-0.0674121 -0.121944 0.111019
0.145992 -0.0807059 0.221611
-0.290119 0.160381 0.132816
0.210272 0.0605557 0.224727
-0.00234517 -0.00067538 0.000283557
0.0302252 -0.104953 0.065298
-0.0317711 0.110321 0.206173
0.0758167 0.0604494 0.211135
-0.112921 -0.0900332 0.100399
0.0181036 -0.0227059 0.00831772
-0.117701 0.147623 0.219975
0.28825 -0.0325071 0.14541
-0.147815 0.0166697 0.227666
-0.0164419 -0.145795 0.132933
0.00541124 0.047983 0.212318
0.0267824 0.100855 0.200438
-0.0265294 -0.0999028 0.065541
0.0727991 -0.019332 0.0147139
-0.199595 0.0530028 0.222296
0.378633 0.219735 0.192308
-0.129674 -0.0752549 0.209711
0.0844768 -0.145565 0.140809
-0.0335327 0.0577813 0.214744
0.0213308 0.027928 0.216193
-0.0945989 -0.123857 0.148023
0.110001 -0.0840162 0.224326
-0.28329 0.216371 0.191662
0.184184 0.0246677 0.227241
-0.0853985 -0.0114374 0.0286017
0.0175965 -0.131386 0.0971134
-0.0115421 0.0861802 0.206381
0.132738 0.27069 0.176618
-0.0534812 -0.109064 0.21353
0.183626 -0.0900441 0.20678
-0.0505421 0.0247842 0.00418909
0.161324 0.0551651 0.222718
-0.0774678 -0.0264902 0.031719
0.0271007 -0.0792529 0.227365
-0.0835944 0.244462 0.202483
0.174371 0.153611 0.207245
-0.0421363 -0.0371196 0.22842
0.0774414 -0.0879074 0.0572937
-0.0965958 0.10965 0.219555
0.215479 -0.0136391 0.0583237
-0.190163 0.0120366 0.218491
-0.00658882 -0.104095 0.221131
0.0166209 0.262587 0.179668
0.222716 0.595784 0.0934557
-0.0529716 -0.141703 0.157815
0.1166 -0.0435876 0.228494
-0.272267 0.101779 0.177282
0.246238 0.112234 0.219176
-0.0707862 -0.0322639 0.228498
0.023475 -0.0515035 0.0234155
-0.0644468 0.141395 0.209972
0.0899047 0.0964218 0.205596
-0.056796 -0.0609131 0.0427624
0.0344932 -0.0321618 0.227028
-0.177698 0.165688 0.223625
0.291279 0.010188 0.20623
-0.10202 -0.00356836 0.22851
0.00526782 -0.150609 0.178422
-0.0169612 0.484929 0.146587
0.0930285 0.150351 0.196408
-0.0024402 -0.00394382 0.00109038
0.178199 -0.110259 0.137963
-0.0945652 0.0585114 0.224076
0.0599129 0.0141111 0.219964
-0.193379 -0.0455462 0.171637
0.032196 -0.136697 0.203496
-0.0899806 0.382038 0.182258
0.294353 0.211929 0.203759
-0.104768 -0.0754311 0.217728
0.103214 -0.143356 0.173107
-0.0129989 0.0180545 0.220054
0.0882217 -0.0143627 0.226141
-0.243355 0.0396188 0.186883
-0.00373132 -0.0229193 0.00836582
0.0246271 0.151269 0.193656
0.0791638 0.394165 0.148983
-0.0286474 -0.142639 0.186128
0.0855086 -0.0171735 0.226367
-0.244902 0.049186 0.191735
0.179978 0.119776 0.214357
-0.012229 -0.00813845 0.224632
0.0710701 -0.106792 0.0732208
-0.069445 0.10435 0.214667
0.0761494 0.11351 0.200747
-0.0344628 -0.051371 0.0293005
0.0504898 -0.0338717 0.227322
-0.211329 0.141773 0.222494
0.309414 0.0609504 0.210511
-0.108878 -0.0214475 0.227825
0.0300504 -0.15255 0.174783
-0.112703 0.572135 0.145015
0.0621622 0.14929 0.193788
-0.00539103 -0.0129472 0.00439688
0.218115 -0.0908199 0.169387
-0.0910729 0.0379215 0.225615
0.0388255 0.0159978 0.218854
-0.170324 -0.0701811 0.171567
0.05121 -0.124283 0.212644
-0.143391 0.347998 0.19668
0.308667 0.307525 0.184464
-0.103966 -0.103582 0.200877
0.133783 -0.13428 0.155409
-0.0508417 0.0510304 0.21853
0.121184 -0.000224544 0.226201
-0.222415 0.000412136 0.137666
-1.54081e-06 -0.000831593 0.000138506
0.000338261 0.182542 0.192677
0.0273439 0.0895431 0.202488
-0.0342724 -0.112232 0.0812163
0.123232 -0.0376316 0.0363892
-0.186034 0.0568095 0.225728
0.354718 0.188756 0.200195
-0.125007 -0.0665199 0.215721
0.0791894 -0.148816 0.152132
-0.0235463 0.044249 0.215921
0.0477039 0.0579082 0.209542
-0.0928838 -0.112753 0.115917
0.125848 -0.103672 0.215697
-0.308448 0.254095 0.158799
0.22004 0.0212605 0.226149
-0.00489298 -0.000472764 0.000527102
0.00951017 -0.0984279 0.058823
-0.010886 0.112667 0.202184
0.118414 0.220552 0.185763
-0.0437781 -0.0815392 0.224839
0.155796 -0.0836463 0.218899
-0.273394 0.146784 0.106352
0.128937 0.0388518 0.221492
-0.146485 -0.0441396 0.0836426
0.00932936 -0.0309612 0.227031
-0.0608891 0.202072 0.202814
0.190872 0.156054 0.208777
-0.0530005 -0.0433323 0.228479
0.0605526 -0.074063 0.0429293
-0.0977869 0.119605 0.218952
0.144868 -0.0145393 0.0307183
-0.19829 0.0199009 0.217062
-0.0111403 -0.111 0.218095
0.0274148 0.273157 0.176567
0.0497293 0.196981 0.18626
-0.0118977 -0.0471277 0.228417
0.246211 -0.0621578 0.129613
-0.142731 0.0360334 0.228494
0.457054 0.272798 0.158743
-0.141533 -0.0844754 0.194363
0.0521186 -0.0873212 0.226046
-0.154123 0.258223 0.211851
0.185087 0.248597 0.188097
-0.0709774 -0.0953322 0.216963
0.153445 -0.114244 0.198788
-0.190855 0.142097 0.0332733
0.166673 0.0244081 0.226653
-0.1239 -0.0181444 0.0513973
0.0113388 -0.077428 0.227474
-0.0346419 0.236556 0.192848
0.0103382 0.0217538 0.217897
-0.0649384 -0.136645 0.147681
0.122527 -0.0582291 0.22764
-0.28268 0.134339 0.17488
0.16671 0.0593016 0.222661
-0.0623398 -0.0221753 0.0236082
0.0493183 -0.138645 0.111069
-0.0280734 0.0789206 0.210174
0.0775575 0.0700327 0.209276
-0.0973318 -0.0878885 0.0859395
0.0111978 -0.012401 0.0038505
-0.134603 0.149066 0.222236
0.304289 -0.015514 0.140536
-0.156502 0.00797912 0.226057
-0.00733489 -0.143866 0.123955
0.00303492 0.0595262 0.209971
0.107001 0.29731 0.168938
-0.0435979 -0.12114 0.20764
0.20626 -0.0742325 0.207388
-0.0353985 0.0127398 0.222909
0.083132 0.0391302 0.216437
-0.15553 -0.0732078 0.125392
0.0122357 -0.0259948 0.00943275
-0.0736269 0.15642 0.210552
0.127518 0.140172 0.20318
-0.00161483 -0.00177507 0.000455686
0.1306 -0.11881 0.111415
-0.0854815 0.0777649 0.220687
0.0699976 0.00330876 0.222561
-0.21738 -0.0102755 0.18134
0.00668122 -0.141343 0.197062
-0.0180808 0.382504 0.167003
0.06889 0.114455 0.199794
-0.0331103 -0.0550098 0.0312027
0.048637 -0.0292745 0.22682
-0.214299 0.128986 0.222185
0.304738 0.075733 0.213457
-0.104929 -0.0260769 0.227733
0.0376654 -0.15156 0.178364
-0.138047 0.555481 0.15222
0.5434 0.401455 0.0403509
-0.135244 -0.0999162 0.169349
0.0753167 -0.101947 0.22164
-0.212672 0.287868 0.208596
0.256522 -0.0385374 0.202457
-0.0835044 0.0125449 0.227117
-0.00433822 -0.0288772 0.0112157
0.0221854 0.147676 0.194259
0.0331911 0.146536 0.193824
-0.00602312 -0.0265916 0.0102887
0.0836288 -0.0189423 0.226502
-0.245469 0.0555997 0.194809
0.30314 0.191175 0.206721
-0.107459 -0.0677692 0.21984
0.0921232 -0.146077 0.172578
-0.00222356 0.00352582 0.222167
0.325286 0.460058 0.145042
-0.0891321 -0.126061 0.174935
0.0895721 -0.0633324 0.228096
-0.253842 0.17948 0.209426
0.249584 0.0428307 0.22317
-0.0580318 -0.00995873 0.22736
0.011062 -0.0644607 0.0313823
-0.0230279 0.134189 0.201778
0.152992 0.343426 0.161573
-0.0575549 -0.129195 0.195269
0.207149 -0.0922823 0.187444
-0.065864 0.0293416 0.223718
0.108144 0.0414855 0.218669
-0.152208 -0.0583893 0.101889
0.000799671 -0.00208456 0.000398666
-0.0697093 0.181717 0.207052
0.124301 0.117906 0.206973
-0.0168815 -0.016013 0.00746828
0.124392 -0.131139 0.130716
-0.0647245 0.068235 0.21826
0.0401539 -0.00106017 0.222356
-0.214314 0.0056584 0.20124
-0.00342822 -0.129845 0.207463
0.00856391 0.324355 0.171516
0.019272 0.0579763 0.209359
-0.0448867 -0.135034 0.12147
0.150787 -0.0501234 0.227196
-0.261706 0.0869943 0.125486
0.17862 0.0894955 0.219327
-0.01006 -0.00504045 0.0024855
0.0613069 -0.12236 0.0888544
-0.0478438 0.0954894 0.211316
0.0553179 0.0638891 0.20861
-0.0923518 -0.106661 0.105591
0.056468 -0.0488924 0.0261281
-0.136273 0.117991 0.224973
0.330312 0.02375 0.183048
-0.136066 -0.00978339 0.226622
0.0109601 -0.152432 0.148018
-0.00198567 0.0276165 0.217293
0.116648 0.205027 0.188721
-0.0394319 -0.0693073 0.227132
0.122778 -0.0698536 0.0570586
-0.148431 0.0844487 0.227832
0.282143 0.0775168 0.0364398
-0.180411 -0.0495669 0.192902
0.0319027 -0.116118 0.217435
-0.085267 0.310351 0.193392
0.234763 0.182512 0.207642
-0.0810825 -0.063036 0.225158
0.103482 -0.133107 0.197226
-0.311959 0.401269 0.147601
0.147409 -0.0184586 0.228437
-0.227829 0.0285287 0.115798
-0.00632006 -0.0504718 0.228469
0.0255142 0.203755 0.186786
0.0736471 0.264221 0.174752
-0.0302164 -0.108406 0.217431
0.196101 -0.0546599 0.219998
-0.0983645 0.0274174 0.0204915
0.133992 0.0755777 0.216119
-0.0721552 -0.040699 0.0366531
0.0344975 -0.0611607 0.228497
-0.1246 0.220904 0.213048
0.128444 0.163959 0.198595
-0.0218949 -0.0279488 0.227434
0.130659 -0.102357 0.0897419
-0.108094 0.0846801 0.223633
0.347306 0.0421829 0.117402
-0.174098 -0.0211456 0.215335
0.0113342 -0.0933186 0.224844
-0.0310662 0.255778 0.189572
0.0512463 0.101341 0.200687
-0.0425346 -0.0841134 0.0555017
0.00422247 -0.00213523 0.00041023
-0.197971 0.10011 0.225178
0.406729 0.13353 0.167275
-0.153712 -0.0504641 0.212227
0.0467586 -0.142426 0.117971
-0.0239682 0.0730065 0.210545
0.0393263 0.0337962 0.214854
-0.123851 -0.106435 0.146214
0.0938665 -0.109226 0.21738
-0.26103 0.303743 0.197089
0.196519 -0.0148623 0.226888
-0.0975494 0.00737741 0.0268312
-0.0088315 -0.116776 0.0803293
0.00716287 0.0947121 0.202701
0.0658519 0.169777 0.190712
-0.000190158 -0.000490259 8.08352e-05
0.222184 -0.0861791 0.146067
-0.114816 0.0445338 0.227309
0.0669217 0.0295161 0.217123
-0.165821 -0.0731359 0.147386
0.0601886 -0.136465 0.202403
-0.181544 0.411615 0.187563
0.255734 0.267611 0.191182
-0.0927933 -0.0971029 0.210456
0.137879 -0.131759 0.176227
-0.0321439 0.0307173 0.219493
0.099565 0.00225959 0.224514
-0.223871 -0.00508069 0.159145
0.000303363 -0.0133672 0.00409055
-0.00372927 0.164325 0.195386
0.306942 0.482733 0.137123
-0.0825176 -0.129777 0.171518
0.0949707 -0.0603864 0.228182
-0.261757 0.166436 0.205165
0.25095 0.0558645 0.222997
-0.0613096 -0.0136483 0.227781
0.0137834 -0.0619165 0.0296524
-0.030308 0.136147 0.203016
0.102436 0.0718599 0.212109
-0.0959546 -0.0673133 0.0661982
0.0117317 -0.0167235 0.225157
-0.127274 0.181428 0.218028
0.256161 -0.0449372 0.197958
-0.0877096 0.0153865 0.227197
-0.0252215 -0.143773 0.185205
0.0704198 0.401422 0.148235
0.0211575 0.114409 0.198493
-0.0154684 -0.0836451 0.0483618
0.0166197 -0.00307345 0.222775
-0.213486 0.0394796 0.214635
0.228201 0.156972 0.211934
-0.0727119 -0.0500161 0.22758
0.090239 -0.131187 0.203074
-0.273096 0.397019 0.177335
0.308959 0.476168 0.139263
-0.0837433 -0.129066 0.172439
0.0936775 -0.060782 0.228181
-0.260058 0.168737 0.206225
0.250321 0.0533111 0.2231
-0.0602565 -0.0128329 0.227681
0.0133973 -0.0629065 0.0303153
-0.0288583 0.135503 0.202786
0.120098 0.301375 0.168791
-0.0484228 -0.121513 0.206186
0.203647 -0.0811533 0.203568
-0.0405636 0.0161646 0.222853
0.0877107 0.0377248 0.217179
-0.159589 -0.0686401 0.124142
0.00889281 -0.020676 0.00699262
-0.0691625 0.160804 0.209131
0.135582 0.13929 0.204572
-0.000891838 -0.000916225 0.000206944
0.120775 -0.11756 0.10394
-0.0848344 0.0825764 0.220051
0.0741701 0.00100039 0.223185
-0.222061 -0.00299509 0.181528
0.00192404 -0.142653 0.194646
-0.00523193 0.387896 0.1633
0.0138443 0.0479576 0.211846
-0.0404423 -0.140095 0.131205
0.144372 -0.0416771 0.228126
-0.260521 0.0752067 0.134478
0.164662 0.0908898 0.217609
-0.0202534 -0.0111795 0.00646318
0.0719942 -0.130429 0.102764
-0.0477309 0.0864725 0.212546
0.0717425 0.089863 0.204569
-0.0647983 -0.0811649 0.0615462
